1,-3.1878,55.9444,260,-3.1878520944533,55.944104557674095,null
2,-3.1878520944533,55.944104557674095,260,-3.1879041889066,55.94380911534819,null
3,-3.1879041889066,55.94380911534819,260,-3.1879562833599002,55.94351367302228,scare.cubs.resort
4,-3.1879562833599002,55.94351367302228,210,-3.1882160909810358,55.94336367302228,null
5,-3.1882160909810358,55.94336367302228,210,-3.1884758986021713,55.943213673022285,groups.ideas.script
6,-3.1884758986021713,55.943213673022285,190,-3.188771340928075,55.94316157856898,null
7,-3.188771340928075,55.94316157856898,200,-3.189053248714311,55.94305897252598,region.passes.pencil
8,-3.189053248714311,55.94305897252598,130,-3.1892460849972166,55.94328878585892,null
9,-3.1892460849972166,55.94328878585892,140,-3.1894758983301523,55.943481622141825,cars.attend.hotels
10,-3.1894758983301523,55.943481622141825,120,-3.1896258983301524,55.94374142976296,null
11,-3.1896258983301524,55.94374142976296,120,-3.1897758983301525,55.94400123738409,cliff.asleep.wedge
12,-3.1897758983301525,55.94400123738409,180,-3.1900758983301527,55.94400123738409,null
13,-3.1900758983301527,55.94400123738409,180,-3.190375898330153,55.94400123738409,pump.wheels.hulk
14,-3.190375898330153,55.94400123738409,290,-3.1902732922871553,55.943719329597855,null
15,-3.1902732922871553,55.943719329597855,290,-3.1901706862441577,55.943437421811616,arts.dish.scarcely
16,-3.1901706862441577,55.943437421811616,180,-3.190470686244158,55.943437421811616,null
17,-3.190470686244158,55.943437421811616,190,-3.1907661285700617,55.943385327358314,null
18,-3.1907661285700617,55.943385327358314,180,-3.191066128570062,55.943385327358314,meal.feed.large
19,-3.191066128570062,55.943385327358314,90,-3.191066128570062,55.94368532735832,null
20,-3.191066128570062,55.94368532735832,90,-3.191066128570062,55.94398532735832,null
21,-3.191066128570062,55.94398532735832,90,-3.191066128570062,55.94428532735832,paying.crowd.weep
22,-3.191066128570062,55.94428532735832,90,-3.191066128570062,55.944585327358325,null
23,-3.191066128570062,55.944585327358325,90,-3.191066128570062,55.94488532735833,null
24,-3.191066128570062,55.94488532735833,80,-3.191014034116762,55.945180769684235,maple.limit.hotels
25,-3.191014034116762,55.945180769684235,120,-3.191164034116762,55.94544057730537,skins.engage.best
26,-3.191164034116762,55.94544057730537,210,-3.1914238417378975,55.94529057730537,hills.feels.tunes
27,-3.1914238417378975,55.94529057730537,190,-3.1917192840638013,55.94523848285207,null
28,-3.1917192840638013,55.94523848285207,190,-3.192014726389705,55.94518638839877,null
29,-3.192014726389705,55.94518638839877,200,-3.192296634175941,55.945083782355766,useful.hike.trades
30,-3.192296634175941,55.945083782355766,70,-3.1921940281329433,55.945365690142005,null
31,-3.1921940281329433,55.945365690142005,60,-3.192044028132943,55.94562549776314,null
32,-3.192044028132943,55.94562549776314,70,-3.1919414220899456,55.94590740554938,stone.undulation.poems
33,-3.1919414220899456,55.94590740554938,340,-3.19165951430371,55.94580479950638,null
34,-3.19165951430371,55.94580479950638,340,-3.191377606517474,55.945702193463376,null
35,-3.191377606517474,55.945702193463376,340,-3.1910956987312384,55.945599587420375,null
36,-3.1910956987312384,55.945599587420375,340,-3.1908137909450027,55.945496981377374,null
37,-3.1908137909450027,55.945496981377374,340,-3.190531883158767,55.945394375334374,jump.crop.fits
38,-3.190531883158767,55.945394375334374,50,-3.1903390468758612,55.94562418866731,null
39,-3.1903390468758612,55.94562418866731,50,-3.1901462105929554,55.945854002000246,null
40,-3.1901462105929554,55.945854002000246,40,-3.1899163972600197,55.94604683828315,love.behind.orchestra
41,-3.1899163972600197,55.94604683828315,340,-3.189634489473784,55.94594423224015,null
42,-3.189634489473784,55.94594423224015,340,-3.1893525816875483,55.94584162619715,null
43,-3.1893525816875483,55.94584162619715,340,-3.1890706739013126,55.94573902015415,stops.else.chats
44,-3.1890706739013126,55.94573902015415,30,-3.188810866280177,55.94588902015415,null
45,-3.188810866280177,55.94588902015415,30,-3.1885510586590415,55.946039020154146,boost.radar.stress
46,-3.1885510586590415,55.946039020154146,360,-3.1882510586590413,55.946039020154146,null
47,-3.1882510586590413,55.946039020154146,350,-3.1879556163331375,55.94598692570084,null
48,-3.1879556163331375,55.94598692570084,360,-3.1876556163331373,55.94598692570084,null
49,-3.1876556163331373,55.94598692570084,350,-3.1873601740072335,55.94593483124754,slips.mass.baking
50,-3.1873601740072335,55.94593483124754,350,-3.1870647316813296,55.94588273679424,null
51,-3.1870647316813296,55.94588273679424,350,-3.186769289355426,55.94583064234094,null
52,-3.186769289355426,55.94583064234094,350,-3.186473847029522,55.945778547887635,posts.kicked.universally
53,-3.186473847029522,55.945778547887635,360,-3.1861738470295218,55.945778547887635,null
54,-3.1861738470295218,55.945778547887635,360,-3.1858738470295216,55.945778547887635,null
55,-3.1858738470295216,55.945778547887635,360,-3.1855738470295214,55.945778547887635,shed.desire.muddy
56,-3.1855738470295214,55.945778547887635,340,-3.1852919392432857,55.945675941844634,null
57,-3.1852919392432857,55.945675941844634,330,-3.18503213162215,55.945525941844636,null
58,-3.18503213162215,55.945525941844636,340,-3.1847502238359144,55.945423335801635,null
59,-3.1847502238359144,55.945423335801635,330,-3.184490416214779,55.94527333580164,settle.title.united
60,-3.184490416214779,55.94527333580164,220,-3.1847202295477146,55.94508049951873,null
61,-3.1847202295477146,55.94508049951873,220,-3.1849500428806503,55.944887663235825,null
62,-3.1849500428806503,55.944887663235825,220,-3.185179856213586,55.94469482695292,null
63,-3.185179856213586,55.94469482695292,210,-3.1854396638347215,55.94454482695292,null
64,-3.1854396638347215,55.94454482695292,220,-3.1856694771676572,55.944351990670015,atoms.vanish.foods
65,-3.1856694771676572,55.944351990670015,190,-3.185964919493561,55.94429989621671,organs.shape.fantastic
66,-3.185964919493561,55.94429989621671,260,-3.186017013946861,55.944004453890805,teams.mild.played
67,-3.186017013946861,55.944004453890805,340,-3.1857351061606254,55.943901847847805,null
68,-3.1857351061606254,55.943901847847805,340,-3.1854531983743897,55.943799241804804,null
69,-3.1854531983743897,55.943799241804804,340,-3.185171290588154,55.9436966357618,hello.love.keys
70,-3.185171290588154,55.9436966357618,300,-3.185021290588154,55.94343682814067,null
71,-3.185021290588154,55.94343682814067,300,-3.1848712905881538,55.943177020519535,null
72,-3.1848712905881538,55.943177020519535,310,-3.184678454305248,55.9429472071866,courier.assume.bill
73,-3.184678454305248,55.9429472071866,180,-3.184978454305248,55.9429472071866,null
74,-3.184978454305248,55.9429472071866,190,-3.185273896631152,55.9428951127333,null
75,-3.185273896631152,55.9428951127333,180,-3.185573896631152,55.9428951127333,dent.shins.cycle
76,-3.185573896631152,55.9428951127333,110,-3.18567650267415,55.943177020519535,toned.deflection.bland
77,-3.18567650267415,55.943177020519535,200,-3.1859584104603855,55.943074414476534,null
78,-3.1859584104603855,55.943074414476534,200,-3.1862403182466212,55.94297180843353,hers.banks.goat
79,-3.1862403182466212,55.94297180843353,200,-3.186522226032857,55.94286920239053,null
80,-3.186522226032857,55.94286920239053,200,-3.1868041338190927,55.94276659634753,strut.river.surely
81,-3.1868041338190927,55.94276659634753,150,-3.187063941440228,55.94291659634753,valve.elaborate.fortunate
82,-3.187063941440228,55.94291659634753,80,-3.187011846986928,55.94321203867344,null
83,-3.187011846986928,55.94321203867344,70,-3.1869092409439306,55.943493946459675,null
84,-3.1869092409439306,55.943493946459675,80,-3.1868571464906306,55.94378938878558,null
85,-3.1868571464906306,55.94378938878558,60,-3.1867071464906305,55.944049196406716,null
86,-3.1867071464906305,55.944049196406716,10,-3.1864117041647266,55.94410129086002,null
87,-3.1864117041647266,55.94410129086002,20,-3.186129796378491,55.94420389690302,null
88,-3.186129796378491,55.94420389690302,110,-3.1862324024214885,55.94448580468926,null
89,-3.1862324024214885,55.94448580468926,120,-3.1863824024214886,55.94474561231039,null
90,-3.1863824024214886,55.94474561231039,130,-3.1865752387043944,55.94497542564333,laws.merit.bleak
91,-3.1865752387043944,55.94497542564333,130,-3.1867680749873,55.945205238976264,null
92,-3.1867680749873,55.945205238976264,130,-3.186960911270206,55.9454350523092,null
93,-3.186960911270206,55.9454350523092,140,-3.1871907246031417,55.94562788859211,null
94,-3.1871907246031417,55.94562788859211,200,-3.1874726323893774,55.945525282549106,null
95,-3.1874726323893774,55.945525282549106,190,-3.1877680747152812,55.945473188095804,null
96,-3.1877680747152812,55.945473188095804,190,-3.188063517041185,55.9454210936425,null
97,-3.188063517041185,55.9454210936425,190,-3.188358959367089,55.9453689991892,null
98,-3.188358959367089,55.9453689991892,300,-3.188208959367089,55.945109191568065,null
99,-3.188208959367089,55.945109191568065,300,-3.1880589593670887,55.94484938394693,null
100,-3.1880589593670887,55.94484938394693,300,-3.1879089593670886,55.9445895763258,null
