1,-3.1878,55.9444,310,-3.1876071637170944,55.944170186667066,null
2,-3.1876071637170944,55.944170186667066,130,-3.1878,55.9444,thank.salsa.brain
3,-3.1878,55.9444,110,-3.187902606042998,55.94468190778624,null
4,-3.187902606042998,55.94468190778624,110,-3.1880052120859954,55.94496381557248,agents.mile.crib
5,-3.1880052120859954,55.94496381557248,150,-3.188265019707131,55.945113815572476,null
6,-3.188265019707131,55.945113815572476,150,-3.1885248273282665,55.945263815572474,null
7,-3.1885248273282665,55.945263815572474,150,-3.188784634949402,55.94541381557247,shady.soft.phones
8,-3.188784634949402,55.94541381557247,70,-3.1886820289064044,55.94569572335871,null
9,-3.1886820289064044,55.94569572335871,70,-3.188579422863407,55.94597763114495,boost.radar.stress
10,-3.188579422863407,55.94597763114495,180,-3.188879422863407,55.94597763114495,null
11,-3.188879422863407,55.94597763114495,180,-3.189179422863407,55.94597763114495,null
12,-3.189179422863407,55.94597763114495,190,-3.189474865189311,55.94592553669165,coherent.saints.stuck
13,-3.189474865189311,55.94592553669165,280,-3.189422770736011,55.94563009436574,null
14,-3.189422770736011,55.94563009436574,280,-3.189370676282711,55.94533465203983,null
15,-3.189370676282711,55.94533465203983,280,-3.189318581829411,55.945039209713926,null
16,-3.189318581829411,55.945039209713926,280,-3.189266487376111,55.94474376738802,null
17,-3.189266487376111,55.94474376738802,280,-3.189214392922811,55.94444832506211,null
18,-3.189214392922811,55.94444832506211,290,-3.1891117868798133,55.94416641727587,spoon.invest.every
19,-3.1891117868798133,55.94416641727587,300,-3.1889617868798132,55.94390660965474,noted.friday.jams
20,-3.1889617868798132,55.94390660965474,290,-3.1888591808368156,55.9436247018685,null
21,-3.1888591808368156,55.9436247018685,300,-3.1887091808368155,55.94336489424737,null
22,-3.1887091808368155,55.94336489424737,290,-3.188606574793818,55.94308298646113,groups.ideas.script
23,-3.188606574793818,55.94308298646113,190,-3.1889020171197218,55.943030892007826,null
24,-3.1889020171197218,55.943030892007826,180,-3.189202017119722,55.943030892007826,region.passes.pencil
25,-3.189202017119722,55.943030892007826,210,-3.1894618247408575,55.94288089200783,null
26,-3.1894618247408575,55.94288089200783,190,-3.1897572670667613,55.942828797554526,hooked.shine.third
27,-3.1897572670667613,55.942828797554526,150,-3.190017074687897,55.942978797554524,second.launch.miles
28,-3.190017074687897,55.942978797554524,80,-3.189964980234597,55.94327423988043,null
29,-3.189964980234597,55.94327423988043,80,-3.189912885781297,55.94356968220634,null
30,-3.189912885781297,55.94356968220634,80,-3.189860791327997,55.943865124532245,null
31,-3.189860791327997,55.943865124532245,80,-3.189808696874697,55.94416056685815,cliff.asleep.wedge
32,-3.189808696874697,55.94416056685815,160,-3.1900906046609325,55.94426317290115,null
33,-3.1900906046609325,55.94426317290115,160,-3.1903725124471682,55.94436577894415,null
34,-3.1903725124471682,55.94436577894415,150,-3.1906323200683038,55.94451577894415,null
35,-3.1906323200683038,55.94451577894415,160,-3.1909142278545395,55.94461838498715,estate.gave.votes
36,-3.1909142278545395,55.94461838498715,230,-3.1911070641374453,55.944388571654216,paying.crowd.weep
37,-3.1911070641374453,55.944388571654216,270,-3.1911070641374453,55.94408857165421,hills.giant.crate
38,-3.1911070641374453,55.94408857165421,270,-3.1911070641374453,55.94378857165421,loaf.cheer.slave
39,-3.1911070641374453,55.94378857165421,270,-3.1911070641374453,55.94348857165421,null
40,-3.1911070641374453,55.94348857165421,260,-3.1911591585907453,55.9431931293283,else.urban.museum
41,-3.1911591585907453,55.9431931293283,120,-3.1913091585907454,55.943452936949434,null
42,-3.1913091585907454,55.943452936949434,120,-3.1914591585907455,55.94371274457057,null
43,-3.1914591585907455,55.94371274457057,120,-3.1916091585907456,55.9439725521917,null
44,-3.1916091585907456,55.9439725521917,120,-3.1917591585907457,55.94423235981284,null
45,-3.1917591585907457,55.94423235981284,120,-3.1919091585907458,55.94449216743397,null
46,-3.1919091585907458,55.94449216743397,120,-3.192059158590746,55.944751975055105,null
47,-3.192059158590746,55.944751975055105,110,-3.1921617646337435,55.945033882841344,useful.hike.trades
48,-3.1921617646337435,55.945033882841344,0,-3.1918617646337433,55.945033882841344,null
49,-3.1918617646337433,55.945033882841344,0,-3.191561764633743,55.945033882841344,null
50,-3.191561764633743,55.945033882841344,0,-3.191261764633743,55.945033882841344,null
51,-3.191261764633743,55.945033882841344,10,-3.190966322307839,55.945085977294646,null
52,-3.190966322307839,55.945085977294646,0,-3.190666322307839,55.945085977294646,null
53,-3.190666322307839,55.945085977294646,10,-3.190370879981935,55.94513807174795,null
54,-3.190370879981935,55.94513807174795,0,-3.190070879981935,55.94513807174795,null
55,-3.190070879981935,55.94513807174795,10,-3.189775437656031,55.94519016620125,null
56,-3.189775437656031,55.94519016620125,0,-3.189475437656031,55.94519016620125,null
57,-3.189475437656031,55.94519016620125,10,-3.189179995330127,55.94524226065455,null
58,-3.189179995330127,55.94524226065455,0,-3.188879995330127,55.94524226065455,null
59,-3.188879995330127,55.94524226065455,10,-3.188584553004223,55.945294355107855,null
60,-3.188584553004223,55.945294355107855,0,-3.1882845530042228,55.945294355107855,null
61,-3.1882845530042228,55.945294355107855,350,-3.187989110678319,55.94524226065455,null
62,-3.187989110678319,55.94524226065455,290,-3.1878865046353213,55.944960352868314,null
63,-3.1878865046353213,55.944960352868314,300,-3.187736504635321,55.94470054524718,null
64,-3.187736504635321,55.94470054524718,310,-3.1875436683524154,55.944470731914244,null
65,-3.1875436683524154,55.944470731914244,30,-3.18728386073128,55.94462073191424,null
66,-3.18728386073128,55.94462073191424,10,-3.186988418405376,55.944672826367544,null
67,-3.186988418405376,55.944672826367544,20,-3.1867065106191403,55.944775432410545,null
68,-3.1867065106191403,55.944775432410545,30,-3.186446702998005,55.94492543241054,null
69,-3.186446702998005,55.94492543241054,130,-3.1866395392809106,55.94515524574348,null
70,-3.1866395392809106,55.94515524574348,140,-3.1868693526138463,55.945348082026385,spent.spoon.bolt
71,-3.1868693526138463,55.945348082026385,30,-3.1866095449927108,55.94549808202638,null
72,-3.1866095449927108,55.94549808202638,30,-3.1863497373715752,55.94564808202638,null
73,-3.1863497373715752,55.94564808202638,40,-3.1861199240386395,55.94584091830929,null
74,-3.1861199240386395,55.94584091830929,30,-3.185860116417504,55.945990918309285,renew.slows.basket
75,-3.185860116417504,55.945990918309285,320,-3.1856303030845683,55.94579808202638,null
76,-3.1856303030845683,55.94579808202638,320,-3.1854004897516326,55.94560524574347,null
77,-3.1854004897516326,55.94560524574347,330,-3.185140682130497,55.945455245743474,null
78,-3.185140682130497,55.945455245743474,320,-3.1849108687975614,55.94526240946057,null
79,-3.1849108687975614,55.94526240946057,330,-3.184651061176426,55.94511240946057,null
80,-3.184651061176426,55.94511240946057,320,-3.18442124784349,55.944919573177664,sports.topic.clocks
81,-3.18442124784349,55.944919573177664,260,-3.18447334229679,55.94462413085176,null
82,-3.18447334229679,55.94462413085176,260,-3.18452543675009,55.94432868852585,null
83,-3.18452543675009,55.94432868852585,260,-3.18457753120339,55.94403324619994,null
84,-3.18457753120339,55.94403324619994,260,-3.18462962565669,55.943737803874036,null
85,-3.18462962565669,55.943737803874036,250,-3.1847322316996878,55.9434558960878,null
86,-3.1847322316996878,55.9434558960878,260,-3.184784326152988,55.94316045376189,brings.remedy.latter
87,-3.184784326152988,55.94316045376189,280,-3.1847322316996878,55.942865011435984,courier.assume.bill
88,-3.1847322316996878,55.942865011435984,130,-3.1849250679825936,55.94309482476892,null
89,-3.1849250679825936,55.94309482476892,120,-3.1850750679825937,55.943354632390054,null
90,-3.1850750679825937,55.943354632390054,130,-3.1852679042654994,55.94358444572299,null
91,-3.1852679042654994,55.94358444572299,120,-3.1854179042654995,55.943844253344125,manliness.poem.cliff
92,-3.1854179042654995,55.943844253344125,330,-3.185158096644364,55.94369425334413,hello.love.keys
93,-3.185158096644364,55.94369425334413,230,-3.18535093292727,55.94346444001119,null
94,-3.18535093292727,55.94346444001119,240,-3.18550093292727,55.94320463239006,toned.deflection.bland
95,-3.18550093292727,55.94320463239006,260,-3.18555302738057,55.94290919006415,dent.shins.cycle
96,-3.18555302738057,55.94290919006415,190,-3.1858484697064737,55.94285709561085,null
97,-3.1858484697064737,55.94285709561085,190,-3.1861439120323776,55.942805001157545,under.retire.bump
98,-3.1861439120323776,55.942805001157545,140,-3.1863737253653133,55.94299783744045,hers.banks.goat
99,-3.1863737253653133,55.94299783744045,210,-3.186633532986449,55.94284783744045,null
100,-3.186633532986449,55.94284783744045,210,-3.1868933406075843,55.942697837440456,strut.river.surely
101,-3.1868933406075843,55.942697837440456,120,-3.1870433406075844,55.94295764506159,valve.elaborate.fortunate
102,-3.1870433406075844,55.94295764506159,110,-3.187145946650582,55.94323955284783,scale.chair.kinds
103,-3.187145946650582,55.94323955284783,80,-3.187093852197282,55.943534995173735,null
104,-3.187093852197282,55.943534995173735,80,-3.187041757743982,55.94383043749964,renew.ears.tend
105,-3.187041757743982,55.94383043749964,140,-3.1872715710769177,55.94402327378255,null
106,-3.1872715710769177,55.94402327378255,140,-3.1875013844098534,55.944216110065454,null
107,-3.1875013844098534,55.944216110065454,150,-3.187761192030989,55.94436611006545,null
