1,-3.1878,55.9444,10,-3.1875045576740964,55.944452094453304,null
2,-3.1875045576740964,55.944452094453304,10,-3.1872091153481925,55.944504188906606,null
3,-3.1872091153481925,55.944504188906606,10,-3.1869136730222887,55.94455628335991,artist.gets.react
4,-3.1869136730222887,55.94455628335991,190,-3.1872091153481925,55.944504188906606,only.fairly.rift
5,-3.1872091153481925,55.944504188906606,30,-3.186949307727057,55.944654188906604,null
6,-3.186949307727057,55.944654188906604,30,-3.1866895001059214,55.9448041889066,null
7,-3.1866895001059214,55.9448041889066,30,-3.186429692484786,55.9449541889066,null
8,-3.186429692484786,55.9449541889066,140,-3.1866595058177216,55.945147025189506,null
9,-3.1866595058177216,55.945147025189506,130,-3.1868523421006274,55.94537683852244,spent.spoon.bolt
10,-3.1868523421006274,55.94537683852244,140,-3.187082155433563,55.94556967480535,diner.leaves.mutual
11,-3.187082155433563,55.94556967480535,180,-3.1873821554335633,55.94556967480535,null
12,-3.1873821554335633,55.94556967480535,180,-3.1876821554335635,55.94556967480535,null
13,-3.1876821554335635,55.94556967480535,180,-3.1879821554335637,55.94556967480535,null
14,-3.1879821554335637,55.94556967480535,190,-3.1882775977594675,55.945517580352046,skills.less.herb
15,-3.1882775977594675,55.945517580352046,190,-3.1885730400853713,55.945465485898744,null
16,-3.1885730400853713,55.945465485898744,190,-3.188868482411275,55.94541339144544,shady.soft.phones
17,-3.188868482411275,55.94541339144544,300,-3.188718482411275,55.94515358382431,rooms.lamp.teach
18,-3.188718482411275,55.94515358382431,190,-3.189013924737179,55.945101489371005,number.exist.rate
19,-3.189013924737179,55.945101489371005,120,-3.189163924737179,55.94536129699214,null
20,-3.189163924737179,55.94536129699214,120,-3.189313924737179,55.945621104613274,museum.spicy.horns
21,-3.189313924737179,55.945621104613274,100,-3.189366019190479,55.94591654693918,coherent.saints.stuck
22,-3.189366019190479,55.94591654693918,170,-3.189661461516383,55.94596864139248,null
23,-3.189661461516383,55.94596864139248,170,-3.189956903842287,55.946020735845785,love.behind.orchestra
24,-3.189956903842287,55.946020735845785,180,-3.190256903842287,55.946020735845785,null
25,-3.190256903842287,55.946020735845785,180,-3.190556903842287,55.946020735845785,null
26,-3.190556903842287,55.946020735845785,180,-3.1908569038422874,55.946020735845785,null
27,-3.1908569038422874,55.946020735845785,190,-3.191152346168191,55.94596864139248,simple.rust.audio
28,-3.191152346168191,55.94596864139248,240,-3.1913023461681913,55.94570883377135,null
29,-3.1913023461681913,55.94570883377135,240,-3.1914523461681914,55.945449026150214,null
30,-3.1914523461681914,55.945449026150214,240,-3.1916023461681915,55.94518921852908,hills.feels.tunes
31,-3.1916023461681915,55.94518921852908,190,-3.1918977884940953,55.94513712407578,null
32,-3.1918977884940953,55.94513712407578,180,-3.1921977884940955,55.94513712407578,useful.hike.trades
33,-3.1921977884940955,55.94513712407578,320,-3.19196797516116,55.94494428779287,null
34,-3.19196797516116,55.94494428779287,320,-3.191738161828224,55.944751451509966,null
35,-3.191738161828224,55.944751451509966,320,-3.1915083484952884,55.94455861522706,null
36,-3.1915083484952884,55.94455861522706,330,-3.191248540874153,55.94440861522706,null
37,-3.191248540874153,55.94440861522706,320,-3.191018727541217,55.944215778944155,null
38,-3.191018727541217,55.944215778944155,330,-3.1907589199200816,55.94406577894416,null
39,-3.1907589199200816,55.94406577894416,320,-3.190529106587146,55.94387294266125,null
40,-3.190529106587146,55.94387294266125,330,-3.1902692989660104,55.94372294266125,sculpture.shot.melon
41,-3.1902692989660104,55.94372294266125,280,-3.1902172045127104,55.943427500335346,arts.dish.scarcely
42,-3.1902172045127104,55.943427500335346,300,-3.1900672045127103,55.94316769271421,null
43,-3.1900672045127103,55.94316769271421,300,-3.18991720451271,55.94290788509308,second.launch.miles
44,-3.18991720451271,55.94290788509308,190,-3.190212646838614,55.942855790639776,null
45,-3.190212646838614,55.942855790639776,190,-3.190508089164518,55.94280369618647,tonic.bliss.cove
46,-3.190508089164518,55.94280369618647,190,-3.1908035314904217,55.94275160173317,null
47,-3.1908035314904217,55.94275160173317,180,-3.191103531490422,55.94275160173317,along.spill.limp
48,-3.191103531490422,55.94275160173317,40,-3.190873718157486,55.94294443801608,null
49,-3.190873718157486,55.94294443801608,50,-3.1906808818745804,55.943174251349014,relate.chill.vest
50,-3.1906808818745804,55.943174251349014,30,-3.190421074253445,55.94332425134901,null
51,-3.190421074253445,55.94332425134901,30,-3.1901612666323094,55.94347425134901,null
52,-3.1901612666323094,55.94347425134901,40,-3.1899314532993737,55.943667087631916,null
53,-3.1899314532993737,55.943667087631916,30,-3.189671645678238,55.94381708763191,null
54,-3.189671645678238,55.94381708763191,40,-3.1894418323453024,55.94400992391482,null
55,-3.1894418323453024,55.94400992391482,30,-3.189182024724167,55.94415992391482,spoon.invest.every
56,-3.189182024724167,55.94415992391482,10,-3.188886582398263,55.94421201836812,null
57,-3.188886582398263,55.94421201836812,10,-3.188591140072359,55.94426411282142,trades.rare.cable
58,-3.188591140072359,55.94426411282142,310,-3.1883983037894534,55.944034299488486,null
59,-3.1883983037894534,55.944034299488486,310,-3.1882054675065477,55.94380448615555,null
60,-3.1882054675065477,55.94380448615555,310,-3.188012631223642,55.94357467282261,scare.cubs.resort
61,-3.188012631223642,55.94357467282261,30,-3.1877528236025063,55.94372467282261,null
62,-3.1877528236025063,55.94372467282261,30,-3.187493015981371,55.94387467282261,begins.spider.drips
63,-3.187493015981371,55.94387467282261,10,-3.187197573655467,55.94392676727591,renew.ears.tend
64,-3.187197573655467,55.94392676727591,10,-3.186902131329563,55.943978861729214,null
65,-3.186902131329563,55.943978861729214,10,-3.1866066890036593,55.944030956182516,lime.learns.front
66,-3.1866066890036593,55.944030956182516,350,-3.1863112466777554,55.943978861729214,null
67,-3.1863112466777554,55.943978861729214,350,-3.1860158043518516,55.94392676727591,teams.mild.played
68,-3.1860158043518516,55.94392676727591,260,-3.1860678988051516,55.943631324950005,null
69,-3.1860678988051516,55.943631324950005,260,-3.1861199932584516,55.9433358826241,null
70,-3.1861199932584516,55.9433358826241,260,-3.1861720877117516,55.94304044029819,null
71,-3.1861720877117516,55.94304044029819,250,-3.1862746937547493,55.94275853251195,under.retire.bump
72,-3.1862746937547493,55.94275853251195,190,-3.186570136080653,55.94270643805865,null
73,-3.186570136080653,55.94270643805865,180,-3.1868701360806533,55.94270643805865,strut.river.surely
74,-3.1868701360806533,55.94270643805865,120,-3.1870201360806534,55.942966245679784,null
75,-3.1870201360806534,55.942966245679784,120,-3.1871701360806535,55.94322605330092,scale.chair.kinds
76,-3.1871701360806535,55.94322605330092,10,-3.1868746937547496,55.94327814775422,null
77,-3.1868746937547496,55.94327814775422,330,-3.186614886133614,55.94312814775422,null
78,-3.186614886133614,55.94312814775422,310,-3.1864220498507083,55.94289833442129,null
79,-3.1864220498507083,55.94289833442129,30,-3.186162242229573,55.943048334421285,null
80,-3.186162242229573,55.943048334421285,30,-3.1859024346084373,55.94319833442128,null
81,-3.1859024346084373,55.94319833442128,30,-3.1856426269873017,55.94334833442128,null
82,-3.1856426269873017,55.94334833442128,30,-3.185382819366166,55.94349833442128,null
83,-3.185382819366166,55.94349833442128,30,-3.1851230117450307,55.943648334421276,null
84,-3.1851230117450307,55.943648334421276,30,-3.184863204123895,55.943798334421274,null
85,-3.184863204123895,55.943798334421274,20,-3.1845812963376594,55.943900940464275,rider.mile.lime
86,-3.1845812963376594,55.943900940464275,90,-3.1845812963376594,55.94420094046428,null
87,-3.1845812963376594,55.94420094046428,90,-3.1845812963376594,55.94450094046428,null
88,-3.1845812963376594,55.94450094046428,90,-3.1845812963376594,55.94480094046428,null
89,-3.1845812963376594,55.94480094046428,80,-3.1845292018843594,55.94509638279019,null
90,-3.1845292018843594,55.94509638279019,90,-3.1845292018843594,55.94539638279019,settle.title.united
91,-3.1845292018843594,55.94539638279019,190,-3.1848246442102632,55.94534428833689,null
92,-3.1848246442102632,55.94534428833689,190,-3.185120086536167,55.94529219388359,null
93,-3.185120086536167,55.94529219388359,190,-3.185415528862071,55.945240099430286,null
94,-3.185415528862071,55.945240099430286,200,-3.1856974366483066,55.945137493387286,null
95,-3.1856974366483066,55.945137493387286,190,-3.1859928789742105,55.94508539893398,null
96,-3.1859928789742105,55.94508539893398,200,-3.186274786760446,55.94498279289098,null
97,-3.186274786760446,55.94498279289098,190,-3.18657022908635,55.94493069843768,laws.merit.bleak
98,-3.18657022908635,55.94493069843768,130,-3.186763065369256,55.94516051177062,null
99,-3.186763065369256,55.94516051177062,130,-3.1869559016521616,55.94539032510355,null
100,-3.1869559016521616,55.94539032510355,130,-3.1871487379350674,55.94562013843649,null
101,-3.1871487379350674,55.94562013843649,200,-3.187430645721303,55.94551753239349,null
102,-3.187430645721303,55.94551753239349,180,-3.1877306457213033,55.94551753239349,null
103,-3.1877306457213033,55.94551753239349,190,-3.188026088047207,55.945465437940186,null
104,-3.188026088047207,55.945465437940186,220,-3.188255901380143,55.94527260165728,null
105,-3.188255901380143,55.94527260165728,300,-3.1881059013801427,55.945012794036145,null
106,-3.1881059013801427,55.945012794036145,300,-3.1879559013801426,55.94475298641501,null
107,-3.1879559013801426,55.94475298641501,290,-3.187853295337145,55.94447107862877,null
