1,-3.1878,55.9444,240,-3.1879500000000003,55.94414019237887,null
2,-3.1879500000000003,55.94414019237887,240,-3.1881000000000004,55.94388038475773,cubs.trucks.help
3,-3.1881000000000004,55.94388038475773,130,-3.188292836282906,55.94411019809067,null
4,-3.188292836282906,55.94411019809067,120,-3.1884428362829063,55.944370005711804,trades.rare.cable
5,-3.1884428362829063,55.944370005711804,240,-3.1885928362829064,55.94411019809067,null
6,-3.1885928362829064,55.94411019809067,240,-3.1887428362829064,55.943850390469535,null
7,-3.1887428362829064,55.943850390469535,240,-3.1888928362829065,55.9435905828484,labels.hotels.alert
8,-3.1888928362829065,55.9435905828484,110,-3.188995442325904,55.94387249063464,null
9,-3.188995442325904,55.94387249063464,110,-3.1890980483689018,55.94415439842088,spoon.invest.every
10,-3.1890980483689018,55.94415439842088,210,-3.1893578559900373,55.94400439842088,null
11,-3.1893578559900373,55.94400439842088,220,-3.189587669322973,55.943811562137974,burn.spot.across
12,-3.189587669322973,55.943811562137974,130,-3.189780505605879,55.94404137547091,cliff.asleep.wedge
13,-3.189780505605879,55.94404137547091,190,-3.1900759479317826,55.94398928101761,null
14,-3.1900759479317826,55.94398928101761,180,-3.190375947931783,55.94398928101761,pump.wheels.hulk
15,-3.190375947931783,55.94398928101761,290,-3.190273341888785,55.94370737323137,null
16,-3.190273341888785,55.94370737323137,290,-3.1901707358457876,55.94342546544513,null
17,-3.1901707358457876,55.94342546544513,300,-3.1900207358457875,55.943165657824,shows.fries.lamp
18,-3.1900207358457875,55.943165657824,350,-3.1897252935198837,55.943113563370694,null
19,-3.1897252935198837,55.943113563370694,350,-3.18942985119398,55.94306146891739,null
20,-3.18942985119398,55.94306146891739,350,-3.189134408868076,55.94300937446409,region.passes.pencil
21,-3.189134408868076,55.94300937446409,210,-3.1893942164892115,55.94285937446409,null
22,-3.1893942164892115,55.94285937446409,180,-3.1896942164892117,55.94285937446409,null
23,-3.1896942164892117,55.94285937446409,250,-3.1897968225322093,55.942577466677854,hooked.shine.third
24,-3.1897968225322093,55.942577466677854,160,-3.190078730318445,55.942680072720854,null
25,-3.190078730318445,55.942680072720854,160,-3.1903606381046807,55.942782678763855,null
26,-3.1903606381046807,55.942782678763855,170,-3.1906560804305846,55.94283477321716,tonic.bliss.cove
27,-3.1906560804305846,55.94283477321716,130,-3.1908489167134904,55.94306458655009,null
28,-3.1908489167134904,55.94306458655009,140,-3.191078730046426,55.943257422833,meal.feed.large
29,-3.191078730046426,55.943257422833,90,-3.191078730046426,55.943557422833,null
30,-3.191078730046426,55.943557422833,90,-3.191078730046426,55.943857422833005,null
31,-3.191078730046426,55.943857422833005,100,-3.191130824499726,55.94415286515891,null
32,-3.191130824499726,55.94415286515891,90,-3.191130824499726,55.944452865158915,null
33,-3.191130824499726,55.944452865158915,100,-3.191182918953026,55.94474830748482,null
34,-3.191182918953026,55.94474830748482,90,-3.191182918953026,55.945048307484825,null
35,-3.191182918953026,55.945048307484825,100,-3.191235013406326,55.94534374981073,null
36,-3.191235013406326,55.94534374981073,90,-3.191235013406326,55.945643749810735,skins.engage.best
37,-3.191235013406326,55.945643749810735,80,-3.191182918953026,55.94593919213664,simple.rust.audio
38,-3.191182918953026,55.94593919213664,0,-3.190882918953026,55.94593919213664,null
39,-3.190882918953026,55.94593919213664,10,-3.190587476627122,55.945991286589944,null
40,-3.190587476627122,55.945991286589944,0,-3.190287476627122,55.945991286589944,null
41,-3.190287476627122,55.945991286589944,10,-3.189992034301218,55.946043381043246,love.behind.orchestra
42,-3.189992034301218,55.946043381043246,280,-3.189939939847918,55.94574793871734,null
43,-3.189939939847918,55.94574793871734,290,-3.1898373338049204,55.9454660309311,turkey.limit.ramp
44,-3.1898373338049204,55.9454660309311,330,-3.189577526183785,55.9453160309311,null
45,-3.189577526183785,55.9453160309311,330,-3.1893177185626493,55.945166030931105,number.exist.rate
46,-3.1893177185626493,55.945166030931105,20,-3.1890358107764136,55.945268636974106,null
47,-3.1890358107764136,55.945268636974106,20,-3.188753902990178,55.94537124301711,null
48,-3.188753902990178,55.94537124301711,20,-3.188471995203942,55.94547384906011,null
49,-3.188471995203942,55.94547384906011,20,-3.1881900874177065,55.94557645510311,null
50,-3.1881900874177065,55.94557645510311,30,-3.187930279796571,55.945726455103106,null
51,-3.187930279796571,55.945726455103106,20,-3.1876483720103352,55.94582906114611,null
52,-3.1876483720103352,55.94582906114611,30,-3.1873885643891997,55.945979061146105,slips.mass.baking
53,-3.1873885643891997,55.945979061146105,310,-3.187195728106294,55.94574924781317,null
54,-3.187195728106294,55.94574924781317,310,-3.187002891823388,55.94551943448023,spent.spoon.bolt
55,-3.187002891823388,55.94551943448023,30,-3.1867430842022526,55.94566943448023,hidden.handle.softly
56,-3.1867430842022526,55.94566943448023,10,-3.1864476418763488,55.94572152893353,posts.kicked.universally
57,-3.1864476418763488,55.94572152893353,0,-3.1861476418763486,55.94572152893353,null
58,-3.1861476418763486,55.94572152893353,0,-3.1858476418763484,55.94572152893353,null
59,-3.1858476418763484,55.94572152893353,10,-3.1855521995504446,55.945773623386835,shed.desire.muddy
60,-3.1855521995504446,55.945773623386835,10,-3.1852567572245407,55.94582571784014,null
61,-3.1852567572245407,55.94582571784014,10,-3.184961314898637,55.94587781229344,rider.aura.bulb
62,-3.184961314898637,55.94587781229344,310,-3.184768478615731,55.9456479989605,null
63,-3.184768478615731,55.9456479989605,310,-3.1845756423328253,55.94541818562757,settle.title.united
64,-3.1845756423328253,55.94541818562757,240,-3.1847256423328254,55.94515837800643,null
65,-3.1847256423328254,55.94515837800643,250,-3.184828248375823,55.944876470220194,slide.leads.stores
66,-3.184828248375823,55.944876470220194,210,-3.1850880559969585,55.944726470220196,null
67,-3.1850880559969585,55.944726470220196,210,-3.185347863618094,55.9445764702202,null
68,-3.185347863618094,55.9445764702202,210,-3.1856076712392296,55.9444264702202,atoms.vanish.foods
69,-3.1856076712392296,55.9444264702202,300,-3.1854576712392295,55.944166662599066,null
70,-3.1854576712392295,55.944166662599066,300,-3.1853076712392294,55.94390685497793,null
71,-3.1853076712392294,55.94390685497793,310,-3.1851148349563236,55.943677041644996,hello.love.keys
72,-3.1851148349563236,55.943677041644996,140,-3.1853446482892593,55.9438698779279,null
73,-3.1853446482892593,55.9438698779279,150,-3.185604455910395,55.9440198779279,manliness.poem.cliff
74,-3.185604455910395,55.9440198779279,150,-3.1858642635315304,55.9441698779279,null
75,-3.1858642635315304,55.9441698779279,160,-3.186146171317766,55.9442724839709,null
76,-3.186146171317766,55.9442724839709,110,-3.1862487773607637,55.94455439175714,null
77,-3.1862487773607637,55.94455439175714,170,-3.1865442196866676,55.94460648621044,null
78,-3.1865442196866676,55.94460648621044,190,-3.1868396620125714,55.94455439175714,artist.gets.react
79,-3.1868396620125714,55.94455439175714,50,-3.1866468257296656,55.94478420509007,laws.merit.bleak
80,-3.1866468257296656,55.94478420509007,40,-3.18641701239673,55.94497704137298,null
81,-3.18641701239673,55.94497704137298,150,-3.1866768200178655,55.94512704137298,dragon.bottle.crisp
82,-3.1866768200178655,55.94512704137298,140,-3.186906633350801,55.94531987765588,null
83,-3.186906633350801,55.94531987765588,130,-3.187099469633707,55.94554969098882,null
84,-3.187099469633707,55.94554969098882,160,-3.1873813774199427,55.94565229703182,null
85,-3.1873813774199427,55.94565229703182,210,-3.187641185041078,55.94550229703182,null
86,-3.187641185041078,55.94550229703182,190,-3.187936627366982,55.94545020257852,null
87,-3.187936627366982,55.94545020257852,190,-3.188232069692886,55.94539810812522,null
88,-3.188232069692886,55.94539810812522,310,-3.18803923340998,55.94516829479228,null
89,-3.18803923340998,55.94516829479228,310,-3.1878463971270743,55.944938481459346,null
90,-3.1878463971270743,55.944938481459346,300,-3.187696397127074,55.94467867383821,null
91,-3.187696397127074,55.94467867383821,300,-3.187546397127074,55.94441886621708,null
92,-3.187546397127074,55.94441886621708,320,-3.1873165837941384,55.94422602993417,null
93,-3.1873165837941384,55.94422602993417,320,-3.1870867704612027,55.944033193651265,renew.ears.tend
94,-3.1870867704612027,55.944033193651265,240,-3.187236770461203,55.94377338603013,null
95,-3.187236770461203,55.94377338603013,250,-3.1873393765042004,55.94349147824389,null
96,-3.1873393765042004,55.94349147824389,240,-3.1874893765042005,55.94323167062276,null
97,-3.1874893765042005,55.94323167062276,250,-3.187591982547198,55.94294976283652,null
98,-3.187591982547198,55.94294976283652,240,-3.187741982547198,55.942689955215386,panic.squad.danger
99,-3.187741982547198,55.942689955215386,90,-3.187741982547198,55.94298995521539,null
100,-3.187741982547198,55.94298995521539,90,-3.187741982547198,55.94328995521539,null
101,-3.187741982547198,55.94328995521539,90,-3.187741982547198,55.943589955215394,null
102,-3.187741982547198,55.943589955215394,90,-3.187741982547198,55.9438899552154,null
103,-3.187741982547198,55.9438899552154,100,-3.187794077000498,55.944185397541304,null
